Avalon	Humboldt	Davis	Stanislaus	Stebbins	Riverside	Placerita
$P_RP_B$	1.59e-07 1.53e-04 2.48e-01	1.55e-06 8.35e-04 2.02e-01	1.17e-07 1.26e-04 4.99e-02	4.32e-06 2.39e-04 1.70e-01	1.14e-07 9.70e-05 4.64e-02	1.18e-07 8.24e-05 5.45e-01	4.15e-07 6.19e-04 3.54e-01
$P$	1.45e-06 1.48e-05 1.04e-03	8.58e-06 4.12e-05 3.08e-03	1.82e-06 1.89e-05 3.99e-04	2.16e-06 3.26e-05 3.49e-04	2.95e-06 2.61e-05 5.23e-04	3.32e-06 3.26e-05 4.93e-01	4.90e-06 9.39e-05 4.93e-01
$\gamma$	1.12e-03 1.77e-02 8.82e-01	1.22e-03 2.67e-02 8.45e-01	1.12e-03 2.14e-02 9.12e-01	1.05e-03 2.29e-02 8.93e-01	1.04e-03 2.35e-02 8.93e-01	1.03e-03 3.20e-02 8.93e-01	1.15e-03 2.67e-02 8.92e-01
$\bar{s}$	4.31e-03 9.72e-02 1.62e+00	3.22e-02 3.07e-01 2.23e+00	1.95e-03 1.75e-01 1.50e+00	1.95e-03 2.30e-01 1.30e+00	1.31e-03 1.58e-01 1.51e+00	1.46e-03 2.19e-01 2.25e+00	6.17e-03 3.31e-01 1.98e+00
$\theta_{\mathrm{b}}$	1.72e-04 3.72e-01 5.66e+03	1.22e-03 1.73e+00 1.56e+04	1.70e-02 2.90e+00 1.32e+03	2.66e-02 3.46e+00 1.37e+03	9.20e-03 3.07e+00 4.61e+02	4.41e-03 2.90e+00 2.04e+04	1.30e-02 6.22e+00 1.70e+04
$L$	1.14e-09 1.01e-03 9.64e-01	1.42e-16 1.59e-04 9.27e-01	5.32e-08 2.06e-01 8.29e-01	1.22e-06 2.65e-01 8.78e-01	2.00e-16 2.16e-04 4.62e-01	1.47e-08 9.43e-03 8.71e-01	2.01e-16 2.59e-02 7.56e-01
$\mu$	3.45e-09 5.67e-08 1.65e-07	9.75e-09 8.05e-08 1.66e-07	4.04e-09 5.03e-08 1.57e-07	3.06e-09 2.56e-08 1.45e-07	4.86e-09 7.12e-08 1.66e-07	2.71e-09 2.98e-08 1.65e-07	1.23e-08 1.11e-07 1.67e-07
$r$	1.02e-08 3.72e-08 6.14e-06	1.02e-08 5.19e-08 2.06e-06	1.02e-08 2.71e-08 2.01e-06	1.04e-08 3.19e-08 1.06e-06	1.02e-08 2.28e-08 8.54e-07	1.02e-08 2.10e-08 1.06e-06	1.02e-08 3.54e-08 3.64e-06
$N$	1.70e+01 8.10e+01 5.36e+03	1.00e+01 4.90e+01 7.71e+03	2.42e+02 1.02e+03 6.78e+03	3.67e+02 1.80e+03 8.00e+03	1.58e+02 3.42e+02 3.09e+03	6.30e+01 5.19e+02 8.72e+03	1.40e+01 1.39e+02 4.69e+03
$N_{\mathrm{e}}$	2.21e+01 8.30e+01 9.59e+02	4.55e+00 4.42e+01 5.76e+02	2.03e+02 1.04e+03 7.24e+03	4.19e+02 1.96e+03 8.70e+03	1.76e+02 3.80e+02 3.90e+03	5.53e+01 5.69e+02 8.17e+03	4.57e+00 1.46e+02 1.15e+03
$N_{\mathrm{e}}/N$	1.15e-03 9.07e-01 1.13e+00	8.75e-04 1.05e+00 1.17e+00	5.63e-01 1.07e+00 1.12e+00	5.26e-01 1.06e+00 1.12e+00	2.28e-01 1.09e+00 1.13e+00	2.78e-01 1.04e+00 1.13e+00	2.44e-01 1.06e+00 1.14e+00
$F_{\mathrm{ST}}$-NE	0.00e+00 8.00e+01 7.80e+02	5.30e+00 1.13e+02 5.88e+17	8.63e+00 3.62e+01 3.59e+02	6.00e+00 2.28e+01 3.42e+02	5.63e+00 3.60e+01 2.25e+02	1.79e+00 1.47e+01 1.20e+02	4.46e+00 6.15e+01 6.12e+02
